when v  = 12.0000000000 s = 18.0000000000 the h = 0.7398125005 s' = 18.0000000027
alpha = -0.9378998104 alphaangle = -53.7377007394
angle1 = 0.9620982886
angle2 = 0.9677052212
angle3 = 0.9733778830
angle4 = 0.9791174364
angle5 = 0.9921307513
XL = 15.7510563754

when v  = 24.0000000000 s = 18.0000000000 the h = 0.7489340425 s' = 18.0000000029
alpha = -0.0237216968 alphaangle = -1.3591531084
angle1 = 3.7358663659
angle2 = 3.7571245769
angle3 = 3.7786257510
angle4 = 3.8003740711
angle5 = 3.8496602957
XL = 17.0959961558

