when v  = 36.0000000000 s = 18.0000000000 the h = 0.7700259345 s' = 18.0000000012
alpha = 0.3127105443 alphaangle = 17.9169944004
angle1 = 7.8453997713
angle2 = 7.8875624231
angle3 = 7.9301777906
angle4 = 7.9732531567
angle5 = 8.0707597980
XL = 17.2387431557

