28.530000 28.520000 28.500000 29.520000 28.530000 28.530000 28.500000 28.490000 28.490000 28.510000 28.530000 28.520000 28.490000 28.400000 28.500000 
x = 28.570667
v0 = -0.040667
v1 = -0.050667
v2 = -0.070667
v3 = 0.949333
v4 = -0.040667
v5 = -0.040667
v6 = -0.070667
v7 = -0.080667
v8 = -0.080667
v9 = -0.060667
v10 = -0.040667
v11 = -0.050667
v12 = -0.080667
v13 = -0.170667
v14 = -0.070667
sigma = 0.264615
the v3 = 0.949333
The test1 is end!

x = 28.502857
v0 = 0.027143
v1 = 0.017143
v2 = -0.002857
v4 = 0.027143
v5 = 0.027143
v6 = -0.002857
v7 = -0.012857
v8 = -0.012857
v9 = 0.007143
v10 = 0.027143
v11 = 0.017143
v12 = -0.012857
v13 = -0.102857
v14 = -0.002857
sigma = 0.033611
the v13 = -0.102857
The test2 is end!

x = 28.510769
v0 = 0.019231
v1 = 0.009231
v2 = -0.010769
v4 = 0.019231
v5 = 0.019231
v6 = -0.010769
v7 = -0.020769
v8 = -0.020769
v9 = -0.000769
v10 = 0.019231
v11 = 0.009231
v12 = -0.020769
v14 = -0.010769
sigma = 0.016564
